# Entries for the specific matrix with same residue type 10 score and different residue type -5.  This is specific for ClustalW multiple sequence alignments for Human protein Isoforms
   A  R  N  D  C  Q  E  G  H  I  L  K  M  F  P  S  T  W  Y  V  B  J  Z  X  *
A 10 -5 -5 -5 -5 -5 -5 -5 -5 -5 -5 -5 -5 -5 -5 -5 -5 -5 -5 -5 -5 -5 -5 -5 -5
R -5 10 -5 -5 -5 -5 -5 -5 -5 -5 -5 -5 -5 -5 -5 -5 -5 -5 -5 -5 -5 -5 -5 -5 -5
N -5 -5 10 -5 -5 -5 -5 -5 -5 -5 -5 -5 -5 -5 -5 -5 -5 -5 -5 -5 -5 -5 -5 -5 -5
D -5 -5 -5 10 -5 -5 -5 -5 -5 -5 -5 -5 -5 -5 -5 -5 -5 -5 -5 -5 -5 -5 -5 -5 -5
C -5 -5 -5 -5 10 -5 -5 -5 -5 -5 -5 -5 -5 -5 -5 -5 -5 -5 -5 -5 -5 -5 -5 -5 -5
Q -5 -5 -5 -5 -5 10 -5 -5 -5 -5 -5 -5 -5 -5 -5 -5 -5 -5 -5 -5 -5 -5 -5 -5 -5
E -5 -5 -5 -5 -5 -5 10 -5 -5 -5 -5 -5 -5 -5 -5 -5 -5 -5 -5 -5 -5 -5 -5 -5 -5
G -5 -5 -5 -5 -5 -5 -5 10 -5 -5 -5 -5 -5 -5 -5 -5 -5 -5 -5 -5 -5 -5 -5 -5 -5
H -5 -5 -5 -5 -5 -5 -5 -5 10 -5 -5 -5 -5 -5 -5 -5 -5 -5 -5 -5 -5 -5 -5 -5 -5
I -5 -5 -5 -5 -5 -5 -5 -5 -5 10 -5 -5 -5 -5 -5 -5 -5 -5 -5 -5 -5 -5 -5 -5 -5
L -5 -5 -5 -5 -5 -5 -5 -5 -5 -5 10 -5 -5 -5 -5 -5 -5 -5 -5 -5 -5 -5 -5 -5 -5
K -5 -5 -5 -5 -5 -5 -5 -5 -5 -5 -5 10 -5 -5 -5 -5 -5 -5 -5 -5 -5 -5 -5 -5 -5
M -5 -5 -5 -5 -5 -5 -5 -5 -5 -5 -5 -5 10 -5 -5 -5 -5 -5 -5 -5 -5 -5 -5 -5 -5
F -5 -5 -5 -5 -5 -5 -5 -5 -5 -5 -5 -5 -5 10 -5 -5 -5 -5 -5 -5 -5 -5 -5 -5 -5
P -5 -5 -5 -5 -5 -5 -5 -5 -5 -5 -5 -5 -5 -5 10 -5 -5 -5 -5 -5 -5 -5 -5 -5 -5
S -5 -5 -5 -5 -5 -5 -5 -5 -5 -5 -5 -5 -5 -5 -5 10 -5 -5 -5 -5 -5 -5 -5 -5 -5
T -5 -5 -5 -5 -5 -5 -5 -5 -5 -5 -5 -5 -5 -5 -5 -5 10 -5 -5 -5 -5 -5 -5 -5 -5
W -5 -5 -5 -5 -5 -5 -5 -5 -5 -5 -5 -5 -5 -5 -5 -5 -5 10 -5 -5 -5 -5 -5 -5 -5
Y -5 -5 -5 -5 -5 -5 -5 -5 -5 -5 -5 -5 -5 -5 -5 -5 -5 -5 10 -5 -5 -5 -5 -5 -5
V -5 -5 -5 -5 -5 -5 -5 -5 -5 -5 -5 -5 -5 -5 -5 -5 -5 -5 -5 10 -5 -5 -5 -5 -5
B -5 -5 -5 -5 -5 -5 -5 -5 -5 -5 -5 -5 -5 -5 -5 -5 -5 -5 -5 -5 10 -5 -5 -5 -5
J -5 -5 -5 -5 -5 -5 -5 -5 -5 -5 -5 -5 -5 -5 -5 -5 -5 -5 -5 -5 -5 10 -5 -5 -5
Z -5 -5 -5 -5 -5 -5 -5 -5 -5 -5 -5 -5 -5 -5 -5 -5 -5 -5 -5 -5 -5 -5 10 -5 -5
X -5 -5 -5 -5 -5 -5 -5 -5 -5 -5 -5 -5 -5 -5 -5 -5 -5 -5 -5 -5 -5 -5 -5 -1 -5
* -5 -5 -5 -5 -5 -5 -5 -5 -5 -5 -5 -5 -5 -5 -5 -5 -5 -5 -5 -5 -5 -5 -5 -5 1
